# Datasett for en ball som kastes fra 1 meter over bakken
# Dette er kommentarer til datasettet
# ------------
# t x y
# ------------ 

0.00 0.00 1.00 
0.01 0.05 1.15 
0.02 0.10 1.30 
0.03 0.15 1.45 
0.04 0.20 1.59 
0.05 0.25 1.74 
0.06 0.30 1.89 
0.07 0.35 2.03 
0.08 0.40 2.17 
0.09 0.45 2.31 
0.10 0.50 2.46 
0.11 0.55 2.60 
0.12 0.60 2.74 
0.13 0.65 2.87 
0.14 0.70 3.01 
0.15 0.75 3.15 
0.16 0.80 3.28 
0.17 0.85 3.42 
0.18 0.90 3.55 
0.19 0.95 3.68 
0.20 1.00 3.81 
0.21 1.05 3.94 
0.22 1.10 4.07 
0.23 1.15 4.20 
0.24 1.20 4.33 
0.25 1.25 4.46 
0.26 1.30 4.58 
0.27 1.35 4.71 
0.28 1.40 4.83 
0.29 1.45 4.95 
0.30 1.50 5.07 
0.31 1.55 5.19 
0.32 1.60 5.31 
0.33 1.65 5.43 
0.34 1.70 5.55 
0.35 1.75 5.67 
0.36 1.80 5.78 
0.37 1.85 5.90 
0.38 1.90 6.01 
0.39 1.95 6.12 
0.40 2.00 6.23 
0.41 2.05 6.35 
0.42 2.10 6.46 
0.43 2.15 6.56 
0.44 2.20 6.67 
0.45 2.25 6.78 
0.46 2.30 6.88 
0.47 2.35 6.99 
0.48 2.40 7.09 
0.49 2.45 7.20 
0.50 2.50 7.30 
0.51 2.55 7.40 
0.52 2.60 7.50 
0.53 2.65 7.60 
0.54 2.70 7.70 
0.55 2.75 7.79 
0.56 2.80 7.89 
0.57 2.85 7.98 
0.58 2.90 8.08 
0.59 2.95 8.17 
0.60 3.00 8.26 
0.61 3.05 8.35 
0.62 3.10 8.44 
0.63 3.15 8.53 
0.64 3.20 8.62 
0.65 3.25 8.71 
0.66 3.30 8.80 
0.67 3.35 8.88 
0.68 3.40 8.97 
0.69 3.45 9.05 
0.70 3.50 9.13 
0.71 3.55 9.21 
0.72 3.60 9.29 
0.73 3.65 9.37 
0.74 3.70 9.45 
0.75 3.75 9.53 
0.76 3.80 9.60 
0.77 3.85 9.68 
0.78 3.90 9.75 
0.79 3.95 9.83 
0.80 4.00 9.90 
0.81 4.05 9.97 
0.82 4.10 10.04 
0.83 4.15 10.11 
0.84 4.20 10.18 
0.85 4.25 10.25 
0.86 4.30 10.31 
0.87 4.35 10.38 
0.88 4.40 10.44 
0.89 4.45 10.51 
0.90 4.50 10.57 
0.91 4.55 10.63 
0.92 4.60 10.69 
0.93 4.65 10.75 
0.94 4.70 10.81 
0.95 4.75 10.87 
0.96 4.80 10.93 
0.97 4.85 10.98 
0.98 4.90 11.04 
0.99 4.95 11.09 
1.00 5.00 11.14 
1.01 5.05 11.20 
1.02 5.10 11.25 
1.03 5.15 11.30 
1.04 5.20 11.35 
1.05 5.25 11.39 
1.06 5.30 11.44 
1.07 5.35 11.49 
1.08 5.40 11.53 
1.09 5.45 11.58 
1.10 5.50 11.62 
1.11 5.55 11.66 
1.12 5.60 11.70 
1.13 5.65 11.74 
1.14 5.70 11.78 
1.15 5.75 11.82 
1.16 5.80 11.86 
1.17 5.85 11.89 
1.18 5.90 11.93 
1.19 5.95 11.96 
1.20 6.00 12.00 
1.21 6.05 12.03 
1.22 6.10 12.06 
1.23 6.15 12.09 
1.24 6.20 12.12 
1.25 6.25 12.15 
1.26 6.30 12.17 
1.27 6.35 12.20 
1.28 6.40 12.23 
1.29 6.45 12.25 
1.30 6.50 12.27 
1.31 6.55 12.30 
1.32 6.60 12.32 
1.33 6.65 12.34 
1.34 6.70 12.36 
1.35 6.75 12.38 
1.36 6.80 12.39 
1.37 6.85 12.41 
1.38 6.90 12.43 
1.39 6.95 12.44 
1.40 7.00 12.45 
1.41 7.05 12.47 
1.42 7.10 12.48 
1.43 7.15 12.49 
1.44 7.20 12.50 
1.45 7.25 12.51 
1.46 7.30 12.52 
1.47 7.35 12.52 
1.48 7.40 12.53 
1.49 7.45 12.53 
1.50 7.50 12.54 
1.51 7.55 12.54 
1.52 7.60 12.54 
1.53 7.65 12.54 
1.54 7.70 12.54 
1.55 7.75 12.54 
1.56 7.80 12.54 
1.57 7.85 12.54 
1.58 7.90 12.53 
1.59 7.95 12.53 
1.60 8.00 12.52 
1.61 8.05 12.51 
1.62 8.10 12.51 
1.63 8.15 12.50 
1.64 8.20 12.49 
1.65 8.25 12.48 
1.66 8.30 12.47 
1.67 8.35 12.45 
1.68 8.40 12.44 
1.69 8.45 12.42 
1.70 8.50 12.41 
1.71 8.55 12.39 
1.72 8.60 12.37 
1.73 8.65 12.35 
1.74 8.70 12.33 
1.75 8.75 12.31 
1.76 8.80 12.29 
1.77 8.85 12.27 
1.78 8.90 12.25 
1.79 8.95 12.22 
1.80 9.00 12.20 
1.81 9.05 12.17 
1.82 9.10 12.14 
1.83 9.15 12.11 
1.84 9.20 12.08 
1.85 9.25 12.05 
1.86 9.30 12.02 
1.87 9.35 11.99 
1.88 9.40 11.96 
1.89 9.45 11.92 
1.90 9.50 11.89 
1.91 9.55 11.85 
1.92 9.60 11.81 
1.93 9.65 11.77 
1.94 9.70 11.73 
1.95 9.75 11.69 
1.96 9.80 11.65 
1.97 9.85 11.61 
1.98 9.90 11.57 
1.99 9.95 11.52 
2.00 10.00 11.48 
2.01 10.05 11.43 
2.02 10.10 11.38 
2.03 10.15 11.34 
2.04 10.20 11.29 
2.05 10.25 11.24 
2.06 10.30 11.19 
2.07 10.35 11.13 
2.08 10.40 11.08 
2.09 10.45 11.03 
2.10 10.50 10.97 
2.11 10.55 10.92 
2.12 10.60 10.86 
2.13 10.65 10.80 
2.14 10.70 10.74 
2.15 10.75 10.68 
2.16 10.80 10.62 
2.17 10.85 10.56 
2.18 10.90 10.50 
2.19 10.95 10.43 
2.20 11.00 10.37 
2.21 11.05 10.30 
2.22 11.10 10.24 
2.23 11.15 10.17 
2.24 11.20 10.10 
2.25 11.25 10.03 
2.26 11.30 9.96 
2.27 11.35 9.89 
2.28 11.40 9.81 
2.29 11.45 9.74 
2.30 11.50 9.67 
2.31 11.55 9.59 
2.32 11.60 9.51 
2.33 11.65 9.44 
2.34 11.70 9.36 
2.35 11.75 9.28 
2.36 11.80 9.20 
2.37 11.85 9.12 
2.38 11.90 9.03 
2.39 11.95 8.95 
2.40 12.00 8.86 
2.41 12.05 8.78 
2.42 12.10 8.69 
2.43 12.15 8.61 
2.44 12.20 8.52 
2.45 12.25 8.43 
2.46 12.30 8.34 
2.47 12.35 8.25 
2.48 12.40 8.15 
2.49 12.45 8.06 
2.50 12.50 7.97 
2.51 12.55 7.87 
2.52 12.60 7.77 
2.53 12.65 7.68 
2.54 12.70 7.58 
2.55 12.75 7.48 
2.56 12.80 7.38 
2.57 12.85 7.28 
2.58 12.90 7.18 
2.59 12.95 7.07 
2.60 13.00 6.97 
2.61 13.05 6.86 
2.62 13.10 6.76 
2.63 13.15 6.65 
2.64 13.20 6.54 
2.65 13.25 6.43 
2.66 13.30 6.32 
2.67 13.35 6.21 
2.68 13.40 6.10 
2.69 13.45 5.99 
2.70 13.50 5.87 
2.71 13.55 5.76 
2.72 13.60 5.64 
2.73 13.65 5.53 
2.74 13.70 5.41 
2.75 13.75 5.29 
2.76 13.80 5.17 
2.77 13.85 5.05 
2.78 13.90 4.93 
2.79 13.95 4.81 
2.80 14.00 4.68 
2.81 14.05 4.56 
2.82 14.10 4.43 
2.83 14.15 4.31 
2.84 14.20 4.18 
2.85 14.25 4.05 
2.86 14.30 3.92 
2.87 14.35 3.79 
2.88 14.40 3.66 
2.89 14.45 3.52 
2.90 14.50 3.39 
2.91 14.55 3.26 
2.92 14.60 3.12 
2.93 14.65 2.98 
2.94 14.70 2.85 
2.95 14.75 2.71 
2.96 14.80 2.57 
2.97 14.85 2.43 
2.98 14.90 2.29 
2.99 14.95 2.15 
3.00 15.00 2.00 
3.01 15.05 1.86 
3.02 15.10 1.71 
3.03 15.15 1.57 
3.04 15.20 1.42 
3.05 15.25 1.27 
3.06 15.30 1.12 
3.07 15.35 0.97 
3.08 15.40 0.82 
3.09 15.45 0.67 
3.10 15.50 0.52 
3.11 15.55 0.36 
3.12 15.60 0.21 
3.13 15.65 0.05 
